---
startPose:
  x: -30.0
  y: -48.0
  heading: 3.141592653589793
startTangent: 0.0
waypoints:
- position:
    x: -8.0
    y: -61.0
  heading: 0.0017453292519943296
  tangent: 0.0
  interpolationType: "SPLINE"
resolution: 0.25
version: 1
