---
startPose:
  x: -37.0
  y: -44.0
  heading: 3.141592653589793
startTangent: 0.0
waypoints:
- position:
    x: -6.0
    y: -61.0
  heading: 0.0017453292519943296
  tangent: -0.3490658503988659
  interpolationType: "SPLINE"
resolution: 0.25
version: 1
