---
startPose:
  x: 0.0
  y: -48.0
  heading: 0.0
startTangent: 3.141592653589793
waypoints:
- position:
    x: -35.0
    y: -24.0
  heading: 0.0
  tangent: 3.141592653589793
  interpolationType: "TANGENT"
resolution: 0.25
version: 1
