---
startPose:
  x: -60.0
  y: -36.0
  heading: 3.141592653589793
startTangent: 0.6981317007977318
waypoints:
- position:
    x: 18.0
    y: -33.0
  heading: 0.0
  tangent: 0.0
  interpolationType: "LINEAR"
resolution: 0.25
version: 1
